j_arm2_1: 0.5201490
j_arm2_2: -0.320865
j_arm2_3: -0.274669
j_arm2_4: -2.236040
j_arm2_5: -0.050082
j_arm2_6: -0.781461
j_arm2_7: 0.0567608
neck_pitch: 0.2
neck_yaw: 0.0
neck_velodyne: 0.0
torso_yaw: 0.0
