j_arm2_1: 0.5201490
j_arm2_2: -0.320865
j_arm2_3: -0.274669
j_arm2_4: -2.236040
j_arm2_5: -0.050082
j_arm2_6: -0.781461
j_arm2_7: 0.0567608
j_arm1_1: 0.5201490
j_arm1_2: 0.320865
j_arm1_3: 0.274669
j_arm1_4: -2.236040
j_arm1_5: 0.050082
j_arm1_6: -0.781461
j_arm1_7: -0.0567608
d435_head_joint: 0.0
velodyne_joint: 0.0
torso_yaw: 0.0
ankle_yaw_1: 0.746874
ankle_yaw_2: -0.746874
ankle_yaw_3: -0.746874
ankle_yaw_4: 0.746874
j_wheel_1: 0.0
j_wheel_2: 0.0
j_wheel_3: 0.0
j_wheel_4: 0.0
