j_arm2_1: 0.5201490
j_arm2_2: -0.320865
j_arm2_3: -0.274669
j_arm2_4: -2.236040
j_arm2_5: -0.050082
j_arm2_6: -0.781461
j_arm2_7: 0.0567608
neck_pitch: 0.2
neck_yaw: 0.0
neck_velodyne: 0.0
torso_yaw: 0.0
hip_yaw_1: -0.746874
hip_pitch_1: -1.25409
knee_pitch_1: -1.55576
ankle_pitch_1: -0.301666
ankle_yaw_1: 0.746874
hip_yaw_2: 0.746874
hip_pitch_2: 1.25409
knee_pitch_2: 1.55576
ankle_pitch_2: 0.301666
ankle_yaw_2: -0.746874
hip_yaw_3: 0.746874
hip_pitch_3: 1.25409
knee_pitch_3: 1.55576
ankle_pitch_3: 0.301667
ankle_yaw_3: -0.746874
hip_yaw_4: -0.746874
hip_pitch_4: -1.25409
knee_pitch_4: -1.55576
ankle_pitch_4: -0.301667
ankle_yaw_4: 0.746874
j_wheel_1: 0.0
j_wheel_2: 0.0
j_wheel_3: 0.0
j_wheel_4: 0.0
